260	3948.95
261	3291.91
262	3739.48
263	4243.12
264	4473.52
265	5036.52
266	5770.21
267	7684.18
268	12586.8
269	19477.9
270	27721.4
271	33343.1
272	36408.6
273	38034
274	41740.3
275	48530.9
276	59850.8
277	71518.6
278	79836.5
279	81435.9
280	78153.3
281	73137.5
282	70721.8
283	72561.5
284	79986.5
285	88695.4
286	95179.6
287	95969.7
288	93118
289	87201.3
290	82787.1
291	80082.1
292	80366.3
293	82188.6
294	82497.2
295	79772.8
296	74073.5
297	67615.1
298	60813.4
299	54514.5
300	49697.8
301	45025.7
302	42070
303	38683.7
304	35971.7
305	33460.9
306	30673.6
307	28256.8
308	25981.4
309	23866.3
310	21869
311	20005.5
312	18414.2
313	16921
314	15571.8
315	14132.9
316	13141
317	12012.5
318	10656.9
319	9758.47
320	9027.47
321	8164.52
322	7704.09
323	7175.79
324	6620.99
325	6134.96
326	5996.87
327	5638.3
328	5461.41
329	5152.62
330	4965.54
331	4575.5
332	4273.89
333	4074.92
334	3761.79
335	3603.09
336	3360.23
337	3183.72
338	3044.78
339	2903.15
340	2704.67
341	2582.73
342	2520.46
343	2509.83
344	2422.16
345	2272.87
346	2330.43
347	2272.03
348	2178.34
349	2107.82
350	2012.65
351	1977.2
352	1933.53
353	1853.11
354	1837.83
355	1709.77
356	1668.85
357	1607.2
358	1614.15
359	1531.98
360	1550.36
361	1479.52
362	1474.82
363	1445.01
364	1383.94
365	1387.72
366	1348.35
367	1326.26
368	1299.86
369	1254.91
370	1227.89
371	1185.61
372	1158.76
373	1143.66
374	1063.49
375	1049
376	1041.82
377	1044.2
378	1048.61
379	996.821
380	989.915
381	933.24
382	955.421
383	921.278
384	949.833
385	922.998
386	880.602
387	849.081
388	827.553
389	812.382
390	814.886
391	802.715
392	812.185
393	804.116
394	768.616
395	748.557
396	748.181
397	732.229
398	732.808
399	746.338
400	707.233